KEGG_N_GLYCAN_BIOSYNTHESIS 6.06 6.22 6.21 6.38 5.98 6.64 6.13 6.06 6.05 6.18 5.81 5.98 5.83 6.35 6.22 5.96 5.96 6.5 6.13 6.22 6.14 6.24 6.06 6.09 6.3 6.11 5.98 6.12 6.02 6.15 6.21 6.11 6.35 6.59 6.17 6.02 5.86 6.42 6.2
KEGG_OTHER_GLYCAN_DEGRADATION 5.77 5.29 4.99 6.01 5.25 5.53 5.45 5.64 5.44 5.35 4.97 5.36 4.73 5.34 5.38 5.31 5.62 5.67 4.97 4.9 6.29 5.36 4.85 5.14 6.01 5.24 5.4 5.23 5.09 4.71 5.66 5.52 5.04 5.41 5.37 5.09 4.81 5.26 5.51
KEGG_O_GLYCAN_BIOSYNTHESIS 5.21 5.25 5.05 5.17 5.03 5.13 5.38 5.1 5.21 4.87 5.24 5.24 5.01 5.17 5.26 5.18 5.18 5.31 5.19 5.29 5.08 4.91 5.08 4.84 4.62 5.21 4.73 5.28 4.8 4.9 5.26 5.06 5.09 4.93 5.07 5.06 4.91 4.99 5.13
KEGG_GLYCOSAMINOGLYCAN_DEGRADATION 3.77 3.81 4.56 4.17 4.18 4.66 3.48 4.22 4.21 4.23 4.27 4.19 3.85 4.68 4.58 3.92 3.87 4.22 3.9 4.78 4.27 4.19 4.23 3.48 4.68 4.2 4.86 4.78 4.23 3.6 4.21 4.49 4.8 5 4.34 4.08 4.09 3.9 3.83
KEGG_GLYCOSAMINOGLYCAN_BIOSYNTHESIS_KERATAN_SULFATE 5.57 5.59 5.52 5.7 5.7 5.52 5.99 5.46 5.55 5.63 5.43 5.34 5.32 5.65 5.66 5.62 5.27 5.55 5.86 5.77 5.53 5.66 5.63 5.54 5.77 5.62 5.61 5.54 5.82 5.89 5.68 5.85 5.46 6.29 5.81 5.71 5.7 5.46 5.41
KEGG_GLYCEROLIPID_METABOLISM 4.35 4.26 4.45 4.37 4.22 4.79 4.81 4.81 4.17 4.4 4.45 4.16 4.52 4.16 4.27 4.46 4.05 4.49 4.55 4.31 3.93 4.05 4.32 4.37 4.24 4.21 4.43 4.62 4.43 4.54 4.41 4.54 4.1 4.01 3.97 4.17 4.4 4.08 4.45
KEGG_GLYCOSYLPHOSPHATIDYLINOSITOL_GPI_ANCHOR_BIOSYNTHESIS 5.92 5.98 5.51 6.1 5.9 5.93 5.51 5.82 5.69 5.74 5.57 6.12 6.35 6.12 5.92 5.84 5.88 6.03 5.72 5.59 5.79 6.05 5.87 5.83 5.78 5.53 5.7 5.86 5.85 5.66 5.93 5.41 6.01 6.19 5.6 5.7 5.93 5.93 5.98
KEGG_GLYCEROPHOSPHOLIPID_METABOLISM 5.45 5.3 5.08 5.18 5.45 5.42 5.34 5 5.3 5.47 4.99 5.32 5.01 5.19 5.17 5.15 5.11 5.35 5.17 5.18 5.22 5.29 4.98 5.17 5.06 5.31 5.41 5.17 5.17 5.24 5.24 5.14 5.27 5.31 5.11 5.06 5.17 5.19 5.27
KEGG_ETHER_LIPID_METABOLISM 5.44 5.3 5.19 5.44 5.01 5.21 5.32 4.72 5.59 5.18 4.54 5.28 4.55 5.68 5.42 5.01 5.19 5.41 4.9 5.17 5.34 5.06 4.96 4.84 4.73 5.17 5.38 4.88 4.82 4.82 5.25 4.93 5.18 5.56 4.91 4.92 5.28 5.27 5.18
KEGG_ARACHIDONIC_ACID_METABOLISM 3.52 3.8 3.9 3.91 3.51 3.84 4 3.79 3.69 3.92 3.94 3.71 3.79 3.63 3.69 3.9 3.61 3.74 4.14 3.86 3.85 3.6 3.75 3.63 3.84 3.79 3.63 3.78 3.72 3.77 3.84 4.07 3.51 3.63 3.98 3.67 3.59 3.52 3.48
KEGG_LINOLEIC_ACID_METABOLISM 3.27 3.43 3.47 3.13 3.14 3.3 3.6 3.52 3.42 3.48 3.64 3.49 3.55 3.32 3.49 3.38 3.08 3.31 3.48 3.44 2.98 3.1 3.44 3.53 3.45 3.41 3.4 3.53 3.52 3.54 3.5 3.44 3.05 3.25 3.33 3.42 3.13 3.14 3.13
KEGG_ALPHA_LINOLENIC_ACID_METABOLISM 3.33 3.62 3.65 3.46 3.44 4.04 3.66 3.59 3.56 3.66 3.76 3.56 3.67 3.57 3.56 3.48 3.46 3.49 4.07 3.73 3.45 3.1 3.58 3.56 3.64 3.47 3.43 3.66 3.52 3.6 3.62 3.55 3.42 3.44 3.82 3.53 3.21 3.45 3.27
KEGG_SPHINGOLIPID_METABOLISM 6.31 6.26 5.5 5.91 6.35 5.84 5.83 6.31 6.11 6.28 5.73 5.93 6.15 6.45 6.14 6.05 5.99 6.27 5.56 5.66 6.35 6.24 5.5 5.89 5.82 6.02 6.43 5.99 5.98 6.09 6.05 6.02 6.27 6.3 6.16 6.14 6.37 6.24 6.03
KEGG_GLYCOSPHINGOLIPID_BIOSYNTHESIS_LACTO_AND_NEOLACTO_SERIES 5.11 5 5.1 4.65 4.72 4.79 5.05 5.13 5.04 4.75 5.34 4.99 5.03 4.89 5.06 4.99 4.81 4.87 5.04 5.05 4.46 4.92 4.9 5.07 4.84 4.86 4.59 5.15 4.89 4.96 4.96 5.14 4.69 4.7 4.91 5.04 4.88 4.82 5
KEGG_GLYCOSPHINGOLIPID_BIOSYNTHESIS_GLOBO_SERIES 5.21 5.25 5.05 5.17 5.05 5.43 5.11 4.98 4.46 5.05 5.35 5.11 4.41 5.01 5.26 5.21 5.18 5.26 5.62 5.1 5.97 4.79 5.74 5.08 5.35 5.02 5.21 5.33 5.06 4.83 5.05 5.26 4.99 5 5.23 5.05 5.07 5.14 5.13
KEGG_GLYCOSPHINGOLIPID_BIOSYNTHESIS_GANGLIO_SERIES 5.17 5.25 4.78 5.17 4.96 4.97 4.83 4.22 5.02 4.17 4.66 4.69 4.41 4.53 4.58 4.18 4.62 5.2 4.89 4.78 4.93 4.83 4.67 4.33 4.68 4.64 4.91 4.48 4.69 4.19 4.59 4.63 4.97 4.66 4.92 4.29 4.6 4.63 5.13
KEGG_RIBOFLAVIN_METABOLISM 5.62 5.74 5.39 6.06 5.68 5.86 5.34 5.12 5.53 4.93 5.52 5.35 4.73 5.28 5.31 5.56 5.59 5.58 5.67 5.38 5.72 5.44 5.73 5.22 4.84 5.18 5.11 5.6 5.42 4.77 5.16 5.65 5.35 5.61 5.48 5.11 5.06 5.08 5.64
KEGG_NICOTINATE_AND_NICOTINAMIDE_METABOLISM 4.9 5.04 5.27 4.99 5.15 5.22 4.48 4.59 4.71 4.61 4.5 5.04 4.73 4.79 5.04 4.9 4.66 5.3 4.95 5.05 4.85 5.17 4.71 4.71 5.01 4.73 5.32 4.58 4.69 4.65 5.14 4.68 4.84 5.09 4.84 4.74 5.03 5.27 4.64
KEGG_PANTOTHENATE_AND_COA_BIOSYNTHESIS 4.43 4.49 4.37 4.36 4.69 4.43 4.33 4.63 4.79 4.44 4.23 4.59 4.49 4.07 4.87 4.5 4.59 4.44 4.43 4.38 5.03 4.4 4.37 4.38 4.73 4.46 4.46 4.44 4.45 4.13 4.87 4.58 4.35 4.61 4.69 4.36 4.34 5.14 4.36
KEGG_AMINOACYL_TRNA_BIOSYNTHESIS 5.45 5.34 5.03 5.08 4.92 4.88 4.7 5.42 5.13 4.65 4.78 5.17 5.39 4.98 5.11 5 5.35 5.54 4.85 4.8 5.42 5.12 5.16 5.18 5.09 5.15 4.97 5.08 5.17 5.24 5.21 4.79 5.4 4.89 4.93 4.87 4.96 5.12 5.15
KEGG_BASAL_TRANSCRIPTION_FACTORS 5.47 5.66 5.83 5.84 5.42 5.92 5.51 6.06 5.57 6.06 5.78 5.25 6.37 5.8 5.83 5.48 5.4 5.78 5.74 5.52 5.63 5.51 5.55 5.93 5.62 5.62 5.94 5.66 5.75 6.02 5.82 5.5 5.53 5.82 5.61 5.7 5.76 5.85 5.46
KEGG_NON_HOMOLOGOUS_END_JOINING 5.1 5.16 5.39 5.41 5.01 4.94 5.62 5.4 5.08 5.15 5.37 5.05 5.7 5.43 5.25 5.15 4.94 5.2 5.24 5.19 5.02 5.01 5.27 5.11 5.44 4.94 4.67 5.57 5.32 5.33 5.37 5.14 4.85 5.17 5.18 5.07 5.02 5.11 5.22
KEGG_SNARE_INTERACTIONS_IN_VESICULAR_TRANSPORT 6.44 6.78 6.9 6.82 6.42 6.82 6.24 6.98 6.79 6.45 7.07 6.32 6.57 6.65 6.92 6.38 6.37 7.05 6.35 6.87 6.64 6.66 6.58 6.75 6.86 6.51 7.05 7.1 6.38 6.61 6.86 6.25 6.78 6.82 6.74 6.65 6.32 7.02 6.25
KEGG_LYSOSOME 6.42 6.43 6.36 6.75 6.47 6.49 6.09 6.38 6.36 6.15 6.35 6.3 6.02 6.3 6.25 6.42 6.38 6.55 6.25 6.19 6.64 6.4 6.16 6.32 6.57 6.31 6.55 6.69 6.27 6.02 6.3 6.39 6.39 6.53 6.49 6.3 6.22 6.31 6.2
KEGG_CARDIAC_MUSCLE_CONTRACTION 7.25 6.96 6.82 6 6.4 7.21 6.13 6.68 6.85 6.34 6.03 6.26 6.05 6.21 6.08 6.45 6.96 6.73 6.08 6.84 7.02 6.73 6.55 6.23 6.9 6.61 5.95 6.04 6.84 6.4 6.17 6.37 6.93 6.35 6.17 5.97 6.26 6.16 7.22
KEGG_RENIN_ANGIOTENSIN_SYSTEM 2.92 3.09 3.17 2.91 2.92 2.83 3.11 3.03 2.9 3.01 3.15 3.02 3.14 2.93 2.96 2.96 2.84 2.9 3.36 3.11 2.84 2.88 3.03 3.04 2.97 2.94 2.94 3.03 3 3.19 2.98 3.02 2.84 2.91 3.01 2.93 2.84 2.9 2.94
KEGG_CIRCADIAN_RHYTHM_MAMMAL 6.34 6.56 6.7 6.56 6.64 6.64 6.84 6.42 6.32 6.47 6.45 6.77 6.63 6.67 6.61 6.56 6.33 6.66 6.48 6.79 6.42 6.64 6.93 6.92 6.46 6.48 6.75 6.56 6.62 6.77 6.45 6.87 6.48 6.61 6.76 6.85 6.77 6.47 6.36
KEGG_TASTE_TRANSDUCTION 3.43 3.43 3.44 3.28 3.73 3.91 3.49 3.42 3.49 3.43 3.48 3.9 3.48 3.4 3.45 3.93 3.67 3.36 3.77 3.43 3 3.66 3.76 3.46 3.44 3.42 3.39 3.48 3.87 3.61 3.43 3.68 3.41 3.3 3.41 3.32 3.34 3.65 3.62
KEGG_PROXIMAL_TUBULE_BICARBONATE_RECLAMATION 8.76 7.9 7.84 8.08 9.03 7.78 5.95 7.08 7.84 7.62 6.26 7.84 7.1 7.86 7.89 7.85 8.91 7.93 7.37 7.35 8.69 8.61 7.25 7.75 7.23 7.77 7.83 6.23 8.22 7.02 6.71 7.18 9.04 7.58 7.64 7.76 8.09 7.77 8.54
KEGG_PATHOGENIC_ESCHERICHIA_COLI_INFECTION 7.64 7.71 8.06 8.54 7.94 8.24 7.88 8.21 8.04 8.51 7.95 7.88 8.04 8.08 8.27 8.02 7.86 7.91 8.07 8.05 8.49 7.93 7.94 7.83 8.38 8.02 8.42 8.38 7.85 8.12 8.29 8.02 7.96 8.22 8.45 7.99 8.04 8.41 7.83
KEGG_SYSTEMIC_LUPUS_ERYTHEMATOSUS 3.85 4.59 4.16 5.43 4.2 5.26 4.33 5.46 4.3 5.45 5.22 4.24 3.99 4.62 5.56 4.21 4.09 4.71 4.56 4.66 5.65 4.6 4.34 4.33 5.75 4.5 5.46 5.45 4.33 3.99 4.73 4.51 4.51 5.18 5.7 4.76 4.76 5.62 4.13
KEGG_PRIMARY_IMMUNODEFICIENCY 3.64 3.61 3.68 3.51 3.6 3.46 3.87 3.7 3.65 3.66 4.07 3.61 3.85 3.67 3.69 3.67 3.51 3.64 3.77 3.69 3.4 3.64 3.55 3.72 3.49 3.59 3.51 3.93 3.66 3.65 3.66 3.69 3.52 3.73 3.67 3.7 3.56 3.54 3.54
KEGG_HYPERTROPHIC_CARDIOMYOPATHY_HCM 4.02 3.98 4.09 3.83 3.82 3.86 4.28 3.95 4.11 4.03 4.28 4.08 4.17 3.92 4.06 3.9 3.92 3.89 4.1 4.1 3.77 4.04 3.98 3.91 4.03 3.97 3.93 3.96 4.04 4.18 4.02 3.94 3.89 3.88 3.89 3.91 3.81 3.73 3.88
KEGG_ARRHYTHMOGENIC_RIGHT_VENTRICULAR_CARDIOMYOPATHY_ARVC 4.4 4.44 4.47 4.29 4.33 4.66 4.56 4.53 4.59 4.58 4.69 4.45 4.82 4.43 4.34 4.51 4.34 4.33 4.71 4.74 4.28 4.44 4.74 4.46 4.46 4.4 4.4 4.86 4.44 4.56 4.73 4.72 4.37 4.5 4.46 4.47 4.38 4.31 4.36
KEGG_DILATED_CARDIOMYOPATHY 4.36 4.23 4.46 4.12 4.33 4.53 4.49 4.35 4.32 4.46 4.54 4.42 4.5 4.36 4.34 4.48 4.34 4.29 4.47 4.59 4.28 4.44 4.57 4.3 4.46 4.35 4.37 4.46 4.44 4.39 4.27 4.54 4.31 4.39 4.46 4.43 4.13 4.29 4.25
KEGG_GLYCOLYSIS_GLUCONEOGENESIS 6.02 6.07 6.15 6.79 5.57 6.24 6.81 6.38 5.99 5.79 6.24 5.95 6.2 5.67 6.25 6.25 5.75 6.04 6.84 6.43 6.52 5.7 6.26 5.93 6.17 6.45 5.78 6.46 6.01 6.13 6.68 6.9 5.64 5.99 6.01 6.21 5.82 6.42 5.7
KEGG_CITRATE_CYCLE_TCA_CYCLE 8.18 8.1 7.96 7.94 8.08 8.15 7.37 7.62 8.26 7.9 7.34 8.45 7.8 7.8 7.75 7.93 8.09 8.02 7.87 7.39 8.02 8 7.95 7.87 7.86 8.18 7.67 7.46 7.94 7.58 7.66 7.54 8.12 7.7 7.52 7.58 7.9 7.67 8.43
KEGG_PENTOSE_PHOSPHATE_PATHWAY 6.39 6.36 6.66 6.7 6.45 6.87 6.36 6.32 6.73 6.68 6.19 6.56 6.23 6.65 6.51 6.45 6.42 6.56 6.27 6.42 7.25 6.61 6.39 6.23 6.36 6.5 6.63 6.46 6.51 6.4 6.47 6.65 6.71 6.88 6.52 6.64 6.37 6.74 6.32
KEGG_PENTOSE_AND_GLUCURONATE_INTERCONVERSIONS 4.36 4.9 4.65 4.29 4.56 4.7 5.15 5.09 4.43 4.58 5.15 4.6 5.02 4.4 4.55 4.42 4.35 4.35 5.01 4.69 4.27 4.37 4.4 4.93 4.92 4.54 4.63 5.08 4.78 4.73 4.84 4.89 3.95 4.42 4.38 4.25 4.33 3.82 4.35
KEGG_FRUCTOSE_AND_MANNOSE_METABOLISM 5.37 4.92 4.81 5.47 4.89 6.24 4.95 4.96 5.27 4.72 4.7 4.84 4.96 4.85 4.77 4.77 5 4.99 4.66 4.61 5.77 4.89 4.86 4.83 5.11 5.15 4.83 4.88 4.76 4.54 4.71 4.85 4.73 4.66 4.93 5.41 4.68 4.66 4.82
KEGG_GALACTOSE_METABOLISM 4.69 4.86 5.07 5.5 4.8 5.14 4.65 5.15 4.82 4.85 5.15 4.62 4.71 4.75 4.73 4.62 4.55 5.16 4.61 4.87 5.38 5.07 4.8 4.64 4.89 5.02 5.16 5.15 4.66 4.24 4.97 5.22 4.76 4.92 4.91 4.84 4.76 5.11 4.79
KEGG_ASCORBATE_AND_ALDARATE_METABOLISM 3.29 3.55 3.63 3.31 3.44 3.89 3.69 3.89 3.46 3.66 3.63 3.57 4.01 3.45 3.56 3.47 3.44 3.46 3.6 3.54 3.39 3.44 3.49 3.62 3.59 3.52 3.5 4.16 3.81 3.76 3.98 3.59 3.41 3.45 3.37 3.45 3.24 3.42 3.44
KEGG_FATTY_ACID_METABOLISM 6.4 6.2 6.38 6.46 6.1 6.57 6.19 6.36 6.62 6.43 6.13 6.45 6.21 5.87 6.09 6.06 6.11 6.14 5.94 6.5 6.06 6.2 6.04 6.16 6.4 6.1 6.01 6.01 6.32 5.9 6.42 6.38 5.85 6.05 6.38 6.04 5.93 5.98 6.08
KEGG_STEROID_BIOSYNTHESIS 6.72 7.03 6.59 6.59 7.25 7.03 6.82 6.46 7.4 6.49 6.83 6.96 6.5 6.24 6.54 6.59 6.7 6.85 6.5 6.48 6.83 7.16 6.38 6.47 6.72 7.2 6.68 6.67 6.78 6.2 6.53 6.45 6.69 6.25 6.19 6.79 6.73 6.73 6.79
KEGG_PRIMARY_BILE_ACID_BIOSYNTHESIS 3.72 3.74 3.92 4.19 3.72 4 3.96 3.74 3.7 3.92 3.56 3.82 3.84 3.72 3.91 3.43 3.74 3.9 3.92 3.83 3.82 4.05 3.75 3.89 3.7 3.84 3.77 3.81 3.84 3.66 4.36 3.83 3.45 3.58 3.78 3.62 3.49 4.32 3.38
KEGG_STEROID_HORMONE_BIOSYNTHESIS 3.14 3.2 3.27 2.97 2.99 3.12 3.41 3.1 3.04 3.14 3.31 3.09 3.24 3.06 3.13 3.02 3.23 3.02 3.19 3.28 3.04 3.06 3.2 3.32 3.15 3.06 3.02 3.22 3.13 3.18 3.27 3.2 2.92 3.01 3.06 3.05 3.05 2.97 2.97
KEGG_OXIDATIVE_PHOSPHORYLATION 9.43 9.33 8.91 9.02 9.26 9.06 8.67 8.84 9.45 9.05 8.59 9.3 8.93 8.99 8.91 9.12 9.15 9.27 8.98 8.55 9.03 9.11 8.96 8.81 9.04 9.15 8.77 8.67 9.04 8.9 8.85 8.59 9.02 8.86 8.79 8.5 9.04 8.97 9.56
KEGG_PURINE_METABOLISM 5.67 5.64 5.72 5.7 5.59 5.81 5.48 5.61 5.48 5.7 5.27 5.65 5.52 5.75 5.69 5.61 5.48 5.73 5.74 5.5 5.51 5.59 5.65 5.56 5.6 5.67 5.85 5.43 5.43 5.56 5.71 5.72 5.66 5.58 5.71 5.51 5.74 5.64 5.52
KEGG_PYRIMIDINE_METABOLISM 5.41 5.34 5.56 5.67 5.42 5.75 5.28 5.42 5.33 5.5 5.25 5.54 5.39 5.33 5.48 5.52 5.35 5.66 5.51 5.33 5.37 5.55 5.38 5.43 5.61 5.47 5.61 5.39 5.31 5.46 5.67 5.49 5.39 5.57 5.62 5.31 5.41 5.51 5.38
KEGG_ALANINE_ASPARTATE_AND_GLUTAMATE_METABOLISM 7.02 6.92 6.59 6.21 6.89 6.55 5.75 6.44 6.84 6.67 6.32 6.62 5.74 7.12 6.33 6.67 6.89 6.88 6.46 6.02 6.86 6.98 6.46 6.86 6.53 7.15 6.21 6.63 6.52 5.96 6.57 6.71 6.82 6.88 5.97 5.93 6.87 6.72 6.26
KEGG_GLYCINE_SERINE_AND_THREONINE_METABOLISM 5.72 5.79 6.33 5.59 5.86 5.78 5.78 5.42 5.43 6.21 5.68 5.9 6.04 6.03 5.93 6.32 5.72 6 5.89 6.23 5.88 5.89 5.76 5.73 5.82 5.44 5.84 5.59 6.05 6.27 5.73 6.13 5.72 6.8 5.97 5.65 5.87 5.95 5.5
KEGG_CYSTEINE_AND_METHIONINE_METABOLISM 5.74 6.18 6.32 6.74 5.95 6.73 6.51 6.14 6.93 6.36 6.08 6.83 6.1 6.88 6.14 6.5 5.96 6.2 5.76 6.4 6.5 5.89 6 6.74 6.32 6.82 6.44 6.2 6.73 6.75 6.72 6.4 6.66 6.81 6.34 6.6 6.6 6.28 5.75
KEGG_VALINE_LEUCINE_AND_ISOLEUCINE_DEGRADATION 7.24 7.15 7 7.03 7.24 6.93 6.57 7.06 7.32 6.49 6.65 7.08 6.7 6.57 6.71 7 6.92 7.24 6.58 6.82 6.96 7.03 7.16 6.77 7.03 6.87 6.45 6.26 6.89 6.73 6.73 6.76 6.6 6.65 6.5 6.49 6.63 6.66 7.15
KEGG_LYSINE_DEGRADATION 6.29 6.33 6.34 6.14 6.12 6.78 6.35 6.17 6.36 6.09 5.99 6.5 6.01 6.85 6.18 6.38 6.31 6.48 6.25 6.2 6.27 6.21 6.38 6.43 6.15 6.2 6.55 5.95 6.38 6.34 6.3 6.72 6.54 6.48 6.66 6.62 6.58 6.15 6.37
KEGG_ARGININE_AND_PROLINE_METABOLISM 7.24 7.02 7.33 6.46 7.03 7.26 6.37 6.71 6.57 6.78 6.36 7.25 6.98 7.3 6.8 7.3 7.1 7.17 6.68 6.95 6.96 7.14 6.87 6.46 6.97 6.92 7.09 6.44 7.14 6.72 6.68 7.19 7.29 7.26 7.04 6.88 7.29 6.85 6.86
KEGG_HISTIDINE_METABOLISM 6.02 6.07 6.03 5.64 5.57 5.79 4.91 4.86 4.88 5.16 4.86 5.42 5.05 5.28 5.12 6.14 5.75 6.04 6.28 5.17 5.64 5.7 6.26 4.81 5.01 4.86 4.77 4.9 5.13 4.78 5.36 4.97 5.64 4.92 5.37 4.83 5.82 4.96 5.7
KEGG_TYROSINE_METABOLISM 3.66 3.74 3.95 3.57 3.58 3.81 3.99 4.1 3.54 3.76 3.95 3.6 3.91 3.56 3.76 3.63 3.59 3.59 3.92 4.36 3.46 3.59 3.7 3.87 4.18 3.74 3.67 3.83 3.69 3.82 3.82 3.56 3.55 3.51 3.68 3.91 3.66 3.77 3.62
KEGG_PHENYLALANINE_METABOLISM 4.77 4.75 4.75 4.91 4.67 4.75 4.58 4.32 4.1 4.75 4.17 4.13 4.35 3.96 4.74 4.77 4.7 4.55 4.87 4.87 4.55 5.14 5.32 4.18 4.75 4.17 3.99 4.19 4.15 4.41 4.75 4.49 4.68 3.79 4.73 4.32 4.6 4.51 4.62
KEGG_TRYPTOPHAN_METABOLISM 5.22 4.66 5.47 4.65 4.87 6.01 4.53 5.26 4.37 5.69 4.5 4.43 4.82 4.47 5.12 4.68 5.82 5.01 5.79 5.17 5.84 5.27 6.04 4.47 5.13 4.56 5.31 4.68 4.43 4.52 5.36 4.64 5.12 4.54 5.25 4.54 4.79 4.51 4.15
KEGG_BETA_ALANINE_METABOLISM 7.69 7.67 7.41 7.03 7.32 7.84 6.6 7.17 7.61 7.55 7.26 7.81 7.58 7.75 7.32 7.78 7.57 7.71 7.58 7.21 7.58 7.14 7.46 7.28 7.25 7.7 7.61 7.29 7.68 7.19 7.63 7.36 7.99 7.44 7.33 7.43 7.92 7.73 7.15
KEGG_SELENOAMINO_ACID_METABOLISM 5.95 6.01 6.41 6.22 5.85 6.62 5.96 5.81 6.46 6.14 5.94 6.07 5.87 5.89 6.06 6.11 6.11 5.96 6.11 6.38 6.3 5.95 6.12 6.28 6.2 6.17 6.33 5.86 6.18 5.84 5.94 6.23 6.36 6.08 6.19 6.15 6.27 6.18 5.73
KEGG_GLUTATHIONE_METABOLISM 7.01 6.55 6.54 6.75 6.71 6.54 6.13 6.4 6.55 6.7 6.19 6.5 6.47 6.89 6.36 6.45 6.92 6.99 6.55 6.47 6.9 6.81 6.29 6.35 6.64 6.43 6.52 6.16 6.33 6.28 6.32 6.41 6.56 6.68 6.4 6.44 6.4 6.53 6.85
KEGG_STARCH_AND_SUCROSE_METABOLISM 4 4.38 4.38 4.29 4.52 4.31 4.43 4.36 4.36 4.1 4.2 4.31 4.44 4.25 4.37 4.42 3.82 4.33 4.2 4.37 3.73 4.37 4.4 4.4 4.39 4.35 4.32 4.38 4.4 4.33 4.39 4.42 4.21 4.27 4.34 4.25 4.23 4.23 4.35
KEGG_AMINO_SUGAR_AND_NUCLEOTIDE_SUGAR_METABOLISM 5.41 5.45 5.01 5.87 5.28 5.87 5.13 5.21 5.41 5.5 5.42 5.01 5.2 5.21 5.24 4.99 5.25 5.67 4.93 4.56 5.55 5.5 5.21 4.99 5.52 5.26 5.45 5.22 5.01 4.75 5.31 5.07 5.4 5.26 5.31 5.36 5.33 5.58 5.41
KEGG_GLYCOSAMINOGLYCAN_BIOSYNTHESIS_CHONDROITIN_SULFATE 5.62 6.15 6.37 6.47 6.21 6.72 5.45 6.11 5.95 6.43 5.89 6.02 6.16 6.57 6.57 5.94 5.76 6.24 6.07 5.86 6.12 6.17 6.28 6.14 6.15 6.22 6.41 6.18 5.96 6.44 6.2 6.32 6.22 6.65 6.29 6.2 6.16 6.27 5.84
KEGG_GLYCOSAMINOGLYCAN_BIOSYNTHESIS_HEPARAN_SULFATE 4.47 4.74 4.77 4.63 4.6 4.56 4.67 4.57 4.75 4.79 4.6 4.78 4.81 4.68 4.51 4.59 4.4 4.7 5.06 4.79 4.42 4.7 4.74 4.74 4.85 4.57 4.64 4.29 4.75 4.79 4.71 4.77 4.66 4.75 4.47 4.7 4.68 4.65 4.74
KEGG_INOSITOL_PHOSPHATE_METABOLISM 6.75 6.54 6.31 6.92 6.81 6.29 6.34 6.7 6.24 6.25 6.28 6.53 6.13 6.41 6.41 6.49 6.72 6.68 6.52 6.47 6.59 6.85 6.55 6.27 6.75 6.27 6.48 6.24 6.5 6.15 6.65 6.2 6.62 6.33 6.15 6.5 6.45 6.29 7.12
KEGG_PYRUVATE_METABOLISM 8.24 7.99 8.15 7.82 8.13 7.97 7.33 7.79 8.12 8.04 7.46 8.07 7.94 7.92 7.84 7.98 8.11 7.95 7.87 7.97 8.19 8.01 8.07 7.85 7.96 7.99 7.91 7.42 8.11 7.78 7.92 7.76 8.05 7.76 7.84 7.94 8.07 7.99 8.25
KEGG_GLYOXYLATE_AND_DICARBOXYLATE_METABOLISM 6.65 6.95 7.16 7.77 6.41 7.64 6.15 7.14 6.94 7.23 6.92 6.95 7.02 7.23 7.34 6.58 6.21 7.12 6.42 6.65 7.43 6.42 7.15 6.74 6.71 6.64 7.08 7.02 6.82 6.83 7.32 6.37 7.15 6.93 7.2 7.07 6.94 7.4 6.55
KEGG_PROPANOATE_METABOLISM 8.05 7.96 7.94 7.85 8.02 8.01 7.34 7.77 8.01 7.9 7.39 8 7.89 7.9 7.5 8.06 8.13 8.03 7.85 7.81 8.14 7.79 8.26 7.92 7.58 7.86 7.85 7.37 8.08 7.55 7.93 7.49 8.24 7.45 7.8 7.56 8.03 8.17 8.31
KEGG_BUTANOATE_METABOLISM 7.24 7.15 6.59 6.71 7.06 6.93 6.06 6.32 7.1 6.27 6.19 6.75 6.32 6.5 5.78 6.74 6.57 7.24 7.08 6.23 6.41 6.98 7.09 6.32 6.23 6.64 5.86 6.26 6.38 5.89 6.43 6.8 6.61 6.42 5.95 5.96 6.47 6.66 7.15
KEGG_ONE_CARBON_POOL_BY_FOLATE 5.57 5.76 6.02 6.34 5.77 5.78 5.82 5.76 6.23 5.77 5.88 5.93 6.16 6.02 5.94 6.02 5.65 5.75 6.01 5.54 5.84 6.13 5.74 5.73 5.88 5.81 5.9 5.9 5.86 6.03 5.85 6.23 5.89 5.79 5.97 5.96 5.87 5.95 5.75
KEGG_FOLATE_BIOSYNTHESIS 5.94 6.13 5.4 5.58 5.34 5.55 4.57 5.23 5.39 5.02 4.36 4.58 4.47 5.11 5.23 4.89 5.5 6.14 5.1 4.84 5.9 5.07 5.18 4.65 4.44 4.78 5.64 4.52 4.66 4.69 4.82 4.98 5.72 4.97 5.2 5.05 4.83 5.33 5.92
KEGG_RETINOL_METABOLISM 3.32 3.44 3.52 3.27 3.3 3.34 3.7 3.53 3.39 3.48 3.63 3.43 3.73 3.34 3.46 3.42 3.36 3.35 3.59 3.45 3.19 3.28 3.46 3.56 3.55 3.43 3.41 3.57 3.52 3.61 3.58 3.48 3.27 3.39 3.39 3.45 3.18 3.25 3.26
KEGG_PORPHYRIN_AND_CHLOROPHYLL_METABOLISM 5.43 5.52 5.8 5.9 5.63 6.15 5.38 5.55 6.01 5.62 5.77 5.88 5.41 5.6 5.65 5.72 5.52 5.82 5.63 5.88 5.67 5.7 5.78 5.45 5.61 5.72 5.45 5.45 5.51 5.48 5.86 5.8 5.69 5.7 5.7 5.46 5.48 5.64 5.6
KEGG_TERPENOID_BACKBONE_BIOSYNTHESIS 6.86 6.95 6.91 6.31 6.77 6.52 6.14 6.21 6.73 6.13 6.09 6.65 6.26 5.91 6.11 6.39 6.6 6.76 6.6 6.25 6.21 6.62 6.77 6.02 5.9 6.37 6.12 6.03 6.43 5.95 6.36 6.2 6.52 6.15 6.07 6.18 6.46 6.29 7.28
KEGG_NITROGEN_METABOLISM 5.25 4.96 4.78 4.07 5.16 4.62 4.61 4.51 4.45 4.6 4.85 5.22 4.72 4.86 4.35 4.72 4.64 5.01 5.06 4.7 3.98 4.81 5.2 4.5 4.76 4.3 4.25 4.53 4.92 4.48 4.52 5.15 5.15 4.31 4.32 4.82 4.73 4.38 4.89
KEGG_SULFUR_METABOLISM 5.28 5.56 6.07 5.66 5.11 5.62 5.51 5.33 5.99 5.97 5.54 5.6 5.25 5.45 5.47 5.25 5.02 5.32 5.34 5.78 5.29 5.23 5.47 5.45 5.65 5.36 5.69 5.08 4.82 5.18 5.8 5.87 5.51 5.59 5.69 5.61 5.49 5.62 4.78
KEGG_METABOLISM_OF_XENOBIOTICS_BY_CYTOCHROME_P450 3.53 3.64 3.7 3.49 3.48 3.63 3.99 3.94 3.59 3.65 3.91 3.7 4.01 3.67 3.66 3.64 3.61 3.6 3.72 3.75 3.39 3.49 3.68 3.72 3.69 3.58 3.53 3.89 3.79 3.76 3.78 3.72 3.54 3.65 3.63 3.68 3.5 3.36 3.44
KEGG_DRUG_METABOLISM_CYTOCHROME_P450 3.51 3.68 3.68 3.48 3.48 3.51 3.99 3.89 3.56 3.65 4.01 3.69 4.01 3.64 3.59 3.47 3.49 3.46 3.72 3.73 3.3 3.46 3.58 3.71 3.63 3.57 3.53 3.79 3.73 3.76 3.72 3.68 3.45 3.64 3.63 3.68 3.36 3.34 3.44
KEGG_DRUG_METABOLISM_OTHER_ENZYMES 4.04 4.53 4.06 4.22 4.02 3.89 4.13 4.1 4.04 4.32 4.76 4.32 4.41 4.05 3.91 4.28 4.16 4.35 4.54 4.45 4.27 4.08 4.13 4.13 4.21 3.85 4.35 4.24 4.35 4.41 4.33 4.53 3.95 4.42 4.48 4.07 4 3.77 3.87
KEGG_BIOSYNTHESIS_OF_UNSATURATED_FATTY_ACIDS 6.94 6.45 6.85 6.42 6.73 7 6.52 6.44 6.44 6.57 6.15 6.67 6.49 6.49 6.87 7.11 6.85 6.17 6.54 6.61 6.74 6.85 6.84 6.44 6.03 6.22 6.73 6.35 6.5 6.65 6.45 6.46 6.53 6.42 6.89 6.57 6.58 6.69 6.39
KEGG_ABC_TRANSPORTERS 3.55 4.22 4.21 4.19 3.85 4.05 4.31 4.1 3.69 4.03 3.95 4.28 4.25 3.8 3.98 3.95 3.6 4.13 4.18 3.97 3.83 3.76 4.22 4.1 4.04 3.98 3.92 3.88 4.07 3.89 4.25 3.96 4.04 3.48 3.78 3.87 4.03 4.02 3.57
KEGG_RIBOSOME 11.4 11.69 11.67 12.29 11.64 12.21 12.16 12.22 11.98 12.15 12.19 11.76 12.18 11.63 12 11.7 11.71 11.9 11.76 11.8 11.89 11.7 11.72 12.02 12.54 11.91 12.04 12.35 11.79 12.03 12.03 11.75 11.69 11.99 11.96 11.73 11.87 12.2 11.39
KEGG_RNA_DEGRADATION 6.2 6.13 6.52 6.59 6.35 6.45 6.4 6.8 6.21 6.3 6.05 6.19 6.25 5.92 6.35 6.16 6.09 6.33 6.22 6.12 6.37 6.3 6.39 6.32 6.45 6.23 6.41 6.42 6.38 6.07 6.35 6.12 6.42 6.21 6.19 6.09 6.4 6.66 6.46
KEGG_RNA_POLYMERASE 6.19 6 6.24 6.23 5.96 6.41 6.51 6.66 6.64 6.06 5.89 6.04 6.59 6.81 6.07 6.03 5.77 6.08 6.06 6.24 6.1 6.08 5.81 6.3 6.65 6.17 6.39 6.07 6.28 6.57 6.03 6.4 6.19 6.94 6.14 6.52 6.07 6.21 6.18
KEGG_DNA_REPLICATION 4.52 4.54 4.73 5.14 4.46 4.97 4.76 4.76 4.82 4.38 4.57 4.86 4.67 4.56 4.53 4.5 4.46 4.42 4.57 4.54 4.92 4.44 4.68 4.52 4.77 4.81 4.37 4.73 4.52 4.79 4.78 4.57 4.47 4.44 5.14 4.38 4.51 4.6 4.82
KEGG_SPLICEOSOME 7.3 7.23 7.47 7.54 7.45 7.64 7.51 7.59 7.75 7.45 7.43 7.39 7.61 7.53 7.47 7.45 7.19 7.35 7.23 7.23 7.54 7.31 7.38 7.39 7.58 7.46 7.58 7.53 7.49 7.5 7.59 7.13 7.45 7.69 7.38 7.32 7.43 7.77 7.38
KEGG_PROTEASOME 8.42 8.58 7.97 8.66 8.4 8.27 7.94 8.12 8.47 8.22 8.09 8.08 8.18 8.15 8.43 8.23 8.2 8.66 7.77 7.76 8.55 8.17 8.09 7.89 8.49 8.38 8.16 8.04 8.12 8.07 8.13 7.67 8.14 8.17 8.01 7.7 7.85 8.15 8.63
KEGG_PROTEIN_EXPORT 8.69 8.5 8.6 8.88 8.67 9.02 8.17 8.32 8.25 8.41 8.25 8.27 8.24 8.33 8.42 8.75 8.59 8.6 8.71 8.5 8.81 8.41 8.74 8.25 8.35 8.29 8.32 8.78 8.4 8.2 8.47 7.98 8.58 8.05 8.52 8.29 8.23 8.76 8.52
KEGG_PPAR_SIGNALING_PATHWAY 4.83 5.02 4.97 5.13 4.72 5.07 5.04 5.26 4.98 5.09 5.05 4.87 5.07 4.92 4.82 4.78 4.73 4.9 5.13 4.81 4.77 4.74 5.1 5.01 5.07 5.16 4.94 5.08 5.1 5.01 5 4.72 5.06 4.74 4.66 4.81 5.06 5.12 4.53
KEGG_BASE_EXCISION_REPAIR 5.51 5.64 5.54 5.55 5.51 5.61 5.69 5.43 5.72 5.46 5.57 5.8 5.68 5.57 5.68 5.6 5.52 5.7 5.4 5.54 5.37 5.57 5.39 5.61 5.87 5.57 5.33 5.69 5.68 5.51 5.5 5.58 5.41 5.53 5.55 5.33 5.24 5.47 5.51
KEGG_NUCLEOTIDE_EXCISION_REPAIR 5.84 5.72 5.83 6.04 5.84 6.13 5.83 6.21 6.07 6.11 5.81 5.63 6.26 5.63 5.74 5.79 5.75 5.84 5.79 5.73 5.89 6 5.86 5.92 5.87 5.76 6.09 6.05 5.95 5.81 6.1 5.6 5.84 5.73 5.74 5.68 5.8 5.88 5.87
KEGG_MISMATCH_REPAIR 5.84 5.88 5.7 5.97 6.02 5.75 5.44 5.5 5.98 5.89 5.4 5.99 5.77 5.62 5.32 5.82 5.88 5.91 5.63 5.44 5.84 6.03 5.85 5.69 5.68 5.65 5.2 5.44 5.95 5.44 5.61 5.45 5.83 5.49 5.61 5.3 5.74 5.88 5.68
KEGG_HOMOLOGOUS_RECOMBINATION 4.1 4.34 4.45 4.66 4.27 4.56 4.78 4.7 4.59 4.29 4.47 4.55 4.54 4.5 4.38 4.39 4.18 4.25 4.31 4.33 4.25 4.38 4.34 4.45 4.41 4.31 4.36 4.44 4.39 4.51 4.34 4.68 4.15 4.43 4.98 4.55 4.39 4.25 4.2
KEGG_MAPK_SIGNALING_PATHWAY 5.32 5.31 5.36 5.5 5.39 5.72 5.31 5.24 5.13 5.41 5.3 5.28 5.22 5.45 5.4 5.4 5.19 5.28 5.41 5.37 5.53 5.35 5.44 5.07 5.21 5.31 5.48 5.18 5.26 5.23 5.59 5.38 5.36 5.63 5.56 5.37 5.4 5.51 5.18
KEGG_ERBB_SIGNALING_PATHWAY 6.08 5.95 6.25 6.41 6.52 6.34 6.38 6.44 6.43 6.44 6.41 6.33 6.13 6.58 6.45 6.28 6.22 6.23 6.08 6.48 6.43 6.56 6.26 6.48 6.56 6.42 6.39 6.35 6.27 6.48 6.15 6.47 6.45 6.69 6.54 6.54 6.5 6.42 6.1
KEGG_CALCIUM_SIGNALING_PATHWAY 4.36 4.43 4.46 4.33 4.39 4.38 4.4 4.32 4.21 4.28 4.36 4.31 4.27 4.19 4.37 4.38 4.39 4.36 4.39 4.44 4.35 4.46 4.43 4.28 4.29 4.22 4.14 4.26 4.44 4.16 4.27 4.44 4.32 4.23 4.49 4.21 4.24 4.28 4.38
KEGG_CYTOKINE_CYTOKINE_RECEPTOR_INTERACTION 3.12 3.23 3.3 3.19 3.12 3.13 3.48 3.4 3.13 3.24 3.38 3.2 3.43 3.2 3.34 3.14 3.11 3.16 3.27 3.29 3.06 3.14 3.25 3.35 3.26 3.16 3.2 3.37 3.25 3.35 3.29 3.32 3.05 3.15 3.31 3.27 3.14 3.14 3.05
KEGG_CHEMOKINE_SIGNALING_PATHWAY 4.67 5.09 5.05 5.27 4.78 5.18 4.74 5.19 4.79 5.06 4.96 4.65 4.79 5.05 5.12 4.98 4.87 5.32 5 5.04 5.32 5.03 5.09 4.97 5.43 4.83 5.33 5 5.02 4.73 5.06 5.06 4.99 5.04 5.38 5.16 5 5.15 4.61
KEGG_PHOSPHATIDYLINOSITOL_SIGNALING_SYSTEM 6.07 6.04 6.24 6.61 6.13 6.16 6.22 6.22 6.13 6.08 6.11 5.98 5.96 6.07 6.17 6.12 6 6.57 6.32 6.38 6.34 6.06 6.1 6.08 6.48 6.06 6.29 6.03 6.03 5.83 6.31 6.12 6.37 6.13 6.09 6.34 6.28 6.1 6.35
KEGG_NEUROACTIVE_LIGAND_RECEPTOR_INTERACTION 3.01 3.06 3.05 2.84 2.94 2.9 3.23 3.09 2.96 3.05 3.16 3.08 3.19 2.96 3.05 3 2.99 2.96 3.14 3.03 2.82 2.99 3.08 3.07 3.06 2.99 2.95 3.11 3.04 3.15 3.04 3.01 2.93 2.93 2.97 2.98 2.92 2.87 3.02
KEGG_CELL_CYCLE 5.44 5.27 5.33 5.51 5.29 5.41 5.09 5.44 5.34 5.19 5.55 5.34 5.41 5.34 5.4 5.25 5.28 5.38 5.31 5.41 5.49 5.45 5.41 5.32 5.45 5.27 5.48 5.49 5.2 5.14 5.57 5.53 5.33 5.42 5.4 5.33 5.36 5.5 5.23
KEGG_OOCYTE_MEIOSIS 6.05 5.98 6.14 6.16 5.74 6.17 5.55 6.13 5.9 6.3 5.83 5.84 5.98 5.92 5.74 5.79 5.51 6.03 6 5.59 6.35 5.59 5.94 5.99 6.09 5.87 6.13 5.97 6 5.8 5.99 5.84 6.11 5.93 5.89 5.88 6.11 6.15 5.96
KEGG_P53_SIGNALING_PATHWAY 4.03 4.4 4.66 4.69 4.31 4.42 4.82 4.76 4.79 4.89 4.68 4.29 4.74 4.56 4.55 4.42 4.35 4.35 4.53 4.63 4.63 4.3 4.57 4.6 4.62 4.67 4.84 4.83 4.68 4.57 4.6 4.57 4.23 4.49 4.67 4.77 4.49 4.84 4.45
KEGG_UBIQUITIN_MEDIATED_PROTEOLYSIS 6.62 6.49 6.31 6.6 6.41 6.6 6.14 6.39 6.33 6.35 6.18 6.42 6.44 6.2 6.21 6.25 6.53 6.53 6.29 6.09 6.53 6.39 6.41 6.35 6.46 6.37 6.33 6.38 6.48 6.17 6.28 6.15 6.54 6.29 6.2 6.18 6.41 6.43 6.68
KEGG_REGULATION_OF_AUTOPHAGY 3.18 3.65 3.29 3.28 3.13 3.17 3.54 3.32 3.2 3.35 3.39 3.29 3.49 3.2 3.28 3.23 3.29 3.16 3.35 3.33 3.09 3.18 3.42 3.53 3.36 3.24 3.22 3.56 3.41 3.66 3.42 3.31 3.03 3.15 3.38 3.22 3.12 2.99 3.14
KEGG_ENDOCYTOSIS 6.71 6.61 6.88 6.66 6.94 6.82 6.58 6.63 6.79 6.54 6.4 6.66 6.38 6.75 6.69 6.79 6.87 6.7 6.66 6.65 6.91 6.85 6.7 6.61 6.72 6.61 6.8 6.63 6.69 6.51 6.81 6.91 7.01 6.82 6.69 6.78 6.82 6.71 6.71
KEGG_PEROXISOME 5.99 6.07 6.1 5.86 5.98 6.17 6.05 6.03 5.94 6.01 5.94 5.96 6.14 5.97 5.77 5.97 5.77 6.12 5.97 5.97 5.86 5.78 5.92 5.87 5.76 5.94 5.93 5.82 5.92 5.97 5.75 5.93 5.94 6.13 5.72 5.93 5.81 5.85 5.97
KEGG_MTOR_SIGNALING_PATHWAY 6.12 5.63 5.89 6.1 6.17 5.79 5.88 5.79 5.99 6.3 5.48 5.74 5.21 6.38 6.19 6.06 6 5.82 5.76 6.02 6.38 6.13 5.76 6 6.41 6.13 6.33 5.81 5.81 5.83 6.13 6.38 6.42 6.38 6.5 6.32 6.14 6.03 6
KEGG_APOPTOSIS 4.93 5.09 5.06 5.81 4.75 5.19 5.1 5.26 5.31 5.28 4.91 5.17 4.97 5.32 5.63 5.01 4.69 5.15 4.95 4.89 5.47 5.05 4.96 5.21 5.21 5.15 5.49 5.25 5.11 4.83 5.09 5.19 5.12 5.62 5.53 5.36 5.19 5.35 4.86
KEGG_VASCULAR_SMOOTH_MUSCLE_CONTRACTION 5.55 5.3 5.86 5.82 5.63 5.96 5.26 5.49 5.64 5.56 5.24 5.81 5.46 5.45 5.43 5.62 5.4 5.68 5.76 5.83 5.93 5.32 5.7 5.53 5.73 5.41 5.93 5.37 5.72 5.43 5.81 5.83 5.63 5.56 5.62 5.74 5.75 5.64 5.07
KEGG_WNT_SIGNALING_PATHWAY 5.27 5.42 5.53 5.87 5.31 5.42 5.4 5.55 5.34 5.5 5.4 5.48 5.49 5.53 5.59 5.42 5.27 5.39 5.45 5.55 5.49 5.49 5.59 5.61 5.55 5.51 5.52 5.48 5.43 5.55 5.59 5.54 5.55 5.6 5.7 5.66 5.73 5.58 5.23
KEGG_DORSO_VENTRAL_AXIS_FORMATION 6.86 6.69 7.1 7.35 7.09 7.02 6.83 6.68 6.76 7.62 6.64 7.12 6.81 6.98 6.72 6.89 6.61 6.2 6.96 6.96 7.12 6.98 7.08 7.17 6.35 6.99 7.3 6.74 6.84 6.88 7 6.92 7.1 6.92 7.51 7.19 7.29 6.71 6.57
KEGG_NOTCH_SIGNALING_PATHWAY 6.32 6.12 6.69 6.86 6.59 6.97 6.72 6.67 6.53 6.59 6.42 6.42 6.41 6.57 6.64 6.44 6.31 6.26 6.62 6.8 6.76 6.49 6.56 6.88 6.53 6.61 6.81 6.62 6.59 6.75 6.72 6.92 6.56 6.65 6.84 6.86 6.7 6.6 6.22
KEGG_HEDGEHOG_SIGNALING_PATHWAY 4.03 4.04 4.02 4.12 3.86 3.66 4.15 4.03 3.95 3.96 4.05 3.97 4.21 4.01 4.01 3.92 3.92 3.95 4.12 4.03 3.78 3.95 4.02 4.02 4.03 3.93 3.95 4.02 4.01 4.32 3.85 4.07 4.07 3.95 4.01 4.02 3.95 3.98 3.95
KEGG_TGF_BETA_SIGNALING_PATHWAY 4.43 4.47 4.48 5.43 4.97 4.48 4.99 4.91 4.78 4.84 4.87 4.52 4.85 4.63 5.13 4.97 4.47 4.59 4.27 4.55 4.56 4.75 4.61 4.62 4.69 4.65 5.07 4.89 4.69 4.7 4.83 4.49 4.8 4.87 4.54 4.98 5.17 5.22 4.49
KEGG_AXON_GUIDANCE 5.74 5.77 5.84 5.65 5.88 5.85 5.71 5.7 5.64 5.68 5.8 5.56 5.55 5.81 5.82 5.9 5.79 5.74 5.9 5.86 5.86 5.74 5.73 5.7 5.91 5.78 5.81 5.7 5.65 5.72 5.79 5.91 5.72 5.85 5.98 5.88 5.92 5.69 5.66
KEGG_VEGF_SIGNALING_PATHWAY 5.53 5.78 5.78 6.17 5.37 5.9 5.8 5.65 5.47 5.79 5.8 5.51 5.84 5.94 5.81 5.47 5.82 5.99 5.6 5.9 5.87 5.68 5.76 5.65 6.19 5.6 6.1 5.8 5.51 5.78 6.09 6.04 5.69 6.17 5.85 5.95 5.76 6.05 5.5
KEGG_FOCAL_ADHESION 5.63 5.63 6.05 6.1 5.89 6.17 5.71 5.75 5.76 6.11 5.61 5.64 5.75 5.99 6.17 5.98 5.83 5.88 5.95 6.12 6.1 5.88 6.04 5.91 6.15 5.87 6.2 5.86 5.81 5.81 5.85 6.19 5.87 6.2 6.19 6.26 6.13 6.03 5.53
KEGG_ECM_RECEPTOR_INTERACTION 4.22 4.27 4.29 4.2 4.15 4.38 4.43 4.16 4.15 4.3 4.3 4.16 4.33 4.29 4.24 4.42 4.29 4.3 4.33 4.54 4.23 4.34 4.32 4.24 4.17 4.23 4.33 4.35 4.24 4.28 4.27 4.42 4.1 4.39 4.3 4.3 3.98 4.09 4.22
KEGG_CELL_ADHESION_MOLECULES_CAMS 5.52 6.03 5.96 5.87 5.81 6.12 5.67 5.89 5.48 6.02 5.82 5.23 4.9 5.56 6.02 5.9 5.54 6.13 5.89 5.96 6.17 5.99 5.7 5.71 5.81 5.75 6.08 5.98 5.5 5.16 5.8 6 6 5.66 5.94 5.77 5.61 5.89 5.5
KEGG_ADHERENS_JUNCTION 6.27 6.38 6.73 6.91 6.26 6.55 6.18 6.5 6.58 6.7 6.47 6.17 6.35 6.59 6.57 6.22 6.17 6.74 6.42 6.84 6.55 6.16 6.71 6.51 6.56 6.78 6.61 6.55 6.27 6.76 6.6 6.68 6.6 6.67 6.91 6.82 6.73 6.95 5.81
KEGG_TIGHT_JUNCTION 6.02 6.01 6.06 6.05 5.95 6.1 6.01 6.28 6.33 6.23 6.08 6.03 5.96 6.07 6.04 5.82 6.08 6.02 6.03 6.26 6.13 6.12 6 6.05 6.39 6.06 6.13 6.03 5.99 6.04 6.07 6.36 6.08 6.45 6.29 6.41 6.31 6.11 5.63
KEGG_GAP_JUNCTION 6.51 6.37 6.42 6.32 6.43 6.48 6.15 6.31 6.54 6.41 5.82 6.51 6.38 6.08 5.99 6.19 6.15 6.48 6.36 6.08 6.24 6.2 6.54 6.14 6.3 6.33 6.46 6.03 6.46 5.93 6.14 6.36 6.73 6.16 6.12 6.3 6.41 6.43 6.31
KEGG_COMPLEMENT_AND_COAGULATION_CASCADES 3.33 3.46 3.51 3.53 3.25 3.25 3.4 3.55 3.4 3.58 3.66 3.51 3.81 3.42 3.59 3.36 3.2 3.18 3.53 3.55 3.3 3.34 3.41 3.59 3.5 3.36 3.49 3.54 3.62 3.65 3.56 3.42 3.26 3.32 3.54 3.42 3.26 3.42 3.25
KEGG_ANTIGEN_PROCESSING_AND_PRESENTATION 5.2 5.57 5.47 6.03 5.64 5.58 5.73 5.94 5.46 5.74 6.04 5.47 5.64 5.72 5.89 5.43 5.4 5.78 5.64 5.48 6.08 5.43 5.45 5.59 6.12 5.45 6.03 5.96 5.5 5.38 5.93 5.83 5.73 6.17 5.8 5.83 5.5 5.95 5.35
KEGG_TOLL_LIKE_RECEPTOR_SIGNALING_PATHWAY 4.08 4.51 4.35 5.21 4.17 4.4 4.5 4.87 4.33 4.76 4.68 4.12 4.44 4.56 4.92 4.26 4.21 4.6 4.51 4.27 4.79 4.37 4.43 4.63 4.89 4.27 4.88 4.76 4.21 4.21 4.62 4.39 4.19 4.61 4.79 4.56 4.4 4.73 3.98
KEGG_NOD_LIKE_RECEPTOR_SIGNALING_PATHWAY 4.2 4.48 4.85 5.28 4.45 4.58 4.85 4.98 4.48 4.94 5.02 4.66 4.72 4.47 5.04 4.49 4.28 4.53 4.66 4.63 4.79 4.84 4.61 4.68 5.21 4.47 4.88 4.98 4.72 4.6 4.8 4.95 4.33 4.52 5.04 4.86 4.43 4.84 4.42
KEGG_RIG_I_LIKE_RECEPTOR_SIGNALING_PATHWAY 4.31 4.24 4.47 4.43 4.18 4.23 4.28 4.47 4.46 4.48 4.28 4.23 4.27 4.45 4.47 4.47 4.4 4.34 4.36 4.38 4.14 4.4 4.41 4.13 4.49 4.45 4.44 4.47 4.23 4.25 4.47 4.39 4.17 4.45 4.44 4.45 4.18 4.24 4.42
KEGG_CYTOSOLIC_DNA_SENSING_PATHWAY 3.93 4.02 4.29 4.66 4.31 3.88 4.06 4.23 3.78 4.03 4.03 3.98 3.89 4.21 4.22 3.88 3.8 4.24 4.03 4.2 4.2 4.09 4.23 4.01 3.94 3.84 3.92 4.04 4.15 3.82 3.97 3.98 3.52 4.12 4.18 3.97 3.99 4.11 3.84
KEGG_JAK_STAT_SIGNALING_PATHWAY 3.43 3.58 3.66 3.51 3.34 3.44 3.71 3.74 3.54 3.67 3.73 3.66 3.8 3.59 3.65 3.53 3.37 3.38 3.65 3.6 3.43 3.42 3.61 3.69 3.65 3.58 3.56 3.8 3.66 3.74 3.65 3.63 3.49 3.47 3.56 3.57 3.48 3.57 3.36
KEGG_HEMATOPOIETIC_CELL_LINEAGE 3.44 3.63 3.68 3.5 3.36 3.54 3.81 3.72 3.55 3.66 3.94 3.65 3.76 3.58 3.71 3.5 3.32 3.54 3.7 3.69 3.42 3.49 3.64 3.72 3.7 3.65 3.63 4.04 3.65 3.63 3.67 3.7 3.45 3.56 3.58 3.61 3.5 3.5 3.35
KEGG_NATURAL_KILLER_CELL_MEDIATED_CYTOTOXICITY 3.99 4.55 4.44 4.92 4.22 4.38 4.51 4.38 4.15 4.56 4.27 4.12 4.13 4.44 4.47 4.4 4.21 4.47 4.5 4.44 4.68 4.31 4.47 4.59 4.61 4.27 4.35 4.42 4.45 4.21 4.29 4.44 4.05 4.37 4.76 4.37 4.5 4.63 4.47
KEGG_T_CELL_RECEPTOR_SIGNALING_PATHWAY 4.74 5.05 5.07 5.19 4.95 5.02 4.9 4.98 4.83 5 4.73 4.65 4.79 4.78 5.23 4.9 4.78 4.95 4.91 4.89 5.18 5.08 4.91 4.98 4.91 4.97 5.22 5.12 4.91 4.59 4.75 5 4.99 4.96 5.3 5.22 5.07 5.14 4.82
KEGG_B_CELL_RECEPTOR_SIGNALING_PATHWAY 5.23 5.31 5.44 6.38 5.28 5.69 5.22 5.79 5.32 5.32 5.66 5.16 5.35 5.58 5.83 5.43 5.26 5.63 5.39 5.3 5.98 5.47 5.3 5.16 6.19 5.33 5.91 5.79 5.11 5.24 5.53 5.52 5.36 5.92 5.78 5.71 5.43 6.18 5.16
KEGG_FC_EPSILON_RI_SIGNALING_PATHWAY 5.5 5.34 5.21 5.65 5.33 5.32 5.2 5.4 5.33 5.17 5.46 5.25 5.2 5.15 5.62 5.4 5.34 5.6 5.24 5.33 5.52 5.41 5.42 5.05 5.33 5.24 5.6 5.63 5.14 5.31 5.42 5.07 5.34 5.24 5.6 5.25 5.28 5.65 5.14
KEGG_FC_GAMMA_R_MEDIATED_PHAGOCYTOSIS 6.25 6.48 6.63 7.07 6.75 6.8 6.51 6.67 6.43 6.49 6.55 6.37 6.13 6.62 7.01 6.45 6.41 6.89 6.5 6.54 7.14 6.81 6.62 6.5 6.89 6.61 6.9 6.71 6.44 6.28 6.74 6.57 6.59 6.67 7.19 6.66 6.52 7.01 6.32
KEGG_LEUKOCYTE_TRANSENDOTHELIAL_MIGRATION 5.48 5.95 6.02 6.03 5.71 5.97 5.67 6.09 5.48 5.87 5.61 5.58 5.72 5.75 5.92 5.74 5.66 5.94 5.95 5.97 5.9 5.72 5.8 5.66 6.24 5.65 6.17 5.83 5.6 5.75 5.98 5.94 5.87 6.16 6.06 6.12 5.79 5.97 5.45
KEGG_INTESTINAL_IMMUNE_NETWORK_FOR_IGA_PRODUCTION 3.4 3.72 3.63 3.84 3.6 3.64 3.88 3.7 3.56 3.91 3.95 3.71 3.49 3.63 3.7 3.58 3.43 3.54 3.76 3.81 3.52 3.72 3.68 3.84 3.76 3.7 3.71 4.05 3.8 3.77 3.78 3.73 3.54 3.72 3.79 3.69 3.67 3.46 3.53
KEGG_LONG_TERM_POTENTIATION 6.37 6.62 6.72 6.35 6.69 6.63 6.23 6.51 6.5 6.5 6.11 6.6 6.61 6.13 6.53 6.57 6.55 6.93 6.64 6.47 6.64 6.71 6.97 6.38 6.53 6.59 6.76 6.49 6.68 5.98 6.49 6.63 6.91 6.51 6.61 6.68 6.52 6.7 6.9
KEGG_NEUROTROPHIN_SIGNALING_PATHWAY 6.2 6.36 6.51 6.71 6.46 6.63 6.6 6.52 6.27 6.66 6.48 6.3 6.31 6.65 6.47 6.53 6.19 6.44 6.35 6.6 6.43 6.56 6.35 6.5 6.61 6.35 6.63 6.42 6.3 6.42 6.6 6.58 6.46 6.76 6.47 6.68 6.51 6.47 6.15
KEGG_LONG_TERM_DEPRESSION 5.53 5.65 5.33 5.8 5.78 5.58 5.27 5.43 5.63 5.37 5.4 5.9 5.73 5.21 5.59 5.57 5.43 5.72 5.76 5.58 5.86 5.55 5.64 5.57 5.23 5.63 5.62 5.33 5.94 5.46 5.66 5.33 5.49 5.29 5.48 5.4 5.91 5.84 5.48
KEGG_OLFACTORY_TRANSDUCTION 2.64 2.75 2.71 2.58 2.62 2.6 2.85 2.71 2.74 2.73 2.79 2.71 2.89 2.66 2.76 2.66 2.65 2.6 2.78 2.71 2.55 2.66 2.69 2.82 2.75 2.69 2.65 2.77 2.73 2.77 2.78 2.7 2.59 2.63 2.67 2.68 2.61 2.57 2.58
KEGG_REGULATION_OF_ACTIN_CYTOSKELETON 6.06 6.28 6.45 6.49 6.15 6.45 6 6.19 6.06 6.29 6.12 5.91 6.03 6.23 6.43 6.24 6.08 6.22 6.39 6.46 6.45 6.08 6.48 6.21 6.43 6.08 6.51 6.15 6.18 6.05 6.28 6.41 6.17 6.39 6.58 6.46 6.31 6.38 6
KEGG_INSULIN_SIGNALING_PATHWAY 5.91 5.94 6 6.1 6.11 5.99 5.88 5.76 5.93 6 5.79 5.84 5.68 6.25 6.32 5.85 5.88 5.99 5.91 6.03 6.26 6.06 5.8 5.98 5.86 5.91 6.2 5.85 6 5.82 5.97 6.12 6.2 6.26 6.36 6.24 6.17 6.13 5.87
KEGG_GNRH_SIGNALING_PATHWAY 5.49 5.31 5.5 5.59 5.49 5.79 5.41 5.33 5.32 5.53 5.37 5.41 5.44 5.51 5.5 5.41 5.33 5.47 5.46 5.55 5.38 5.35 5.44 5.39 5.47 5.38 5.62 5.15 5.39 5.46 5.74 5.57 5.47 5.45 5.49 5.51 5.59 5.54 5.36
KEGG_PROGESTERONE_MEDIATED_OOCYTE_MATURATION 5.5 5.26 5.6 5.94 5.43 5.82 5.08 5.44 5.33 5.58 5.24 5.4 5.8 5.53 5.52 5.4 5.29 5.54 5.48 5.42 5.72 5.45 5.4 5.44 5.73 5.47 6.01 5.51 5.41 5.44 5.89 5.78 5.52 5.56 5.53 5.63 5.75 5.64 5.82
KEGG_MELANOGENESIS 5.33 5.24 5.6 5.88 5.47 5.49 5.37 5.41 5.08 5.53 5.37 5.33 5.4 5.25 5.33 5.47 5.25 5.27 5.53 5.59 5.62 5.35 5.55 5.52 5.31 5.54 5.58 5.35 5.51 5.41 5.35 5.78 5.32 5.42 5.7 5.64 5.52 5.5 5.23
KEGG_ADIPOCYTOKINE_SIGNALING_PATHWAY 5.22 5.31 5.35 5.55 5.18 5.35 5.23 5.31 5.18 5.38 5.17 5.07 5.13 5.06 5.42 5.16 5.41 5.61 5.56 5.44 5.62 5.15 5.49 5.39 5.37 5.38 5.44 5.56 5.13 5.03 5.5 5.19 5.56 5.19 5.25 5.5 5.23 5.37 5.1
KEGG_TYPE_II_DIABETES_MELLITUS 4.29 4.44 4.54 4.83 4.43 4.26 4.43 4.38 4.25 4.46 4.29 4.32 4.46 4.28 4.55 4.37 4.22 4.3 4.34 4.36 4.36 4.44 4.61 4.37 4.39 4.35 4.48 4.5 4.35 4.42 4.42 4.35 4.43 4.39 4.5 4.51 4.55 4.57 4.37
KEGG_TYPE_I_DIABETES_MELLITUS 5.14 6.29 5.82 6.34 6.04 6.42 5.13 5.68 5.62 6.14 5.95 5.04 4.29 5.57 5.54 5.88 5.59 6.64 6.03 5.11 6.23 6.21 5.8 5.57 6.06 5.95 5.33 5.95 5.57 4.63 6.37 6.55 6.07 5.9 5.74 5.46 5.73 6.97 5.7
KEGG_MATURITY_ONSET_DIABETES_OF_THE_YOUNG 2.88 2.97 2.99 2.97 2.84 3.27 3.25 3.07 2.98 3.14 3.14 3.03 3.3 3.01 2.98 2.91 2.94 2.91 3.11 2.98 2.89 2.83 3.09 3.04 3.18 2.96 2.92 3.23 3.03 3.13 3.17 3.13 2.84 3.05 2.89 2.97 2.96 3.05 3.04
KEGG_ALDOSTERONE_REGULATED_SODIUM_REABSORPTION 6.13 6.42 6.47 6.09 6.31 6.41 6.21 6.39 6.25 6.3 5.98 6.29 6.01 6.26 6.21 6.28 6.13 6.47 6.17 6.19 5.98 6.32 6.34 6.14 6.16 6.24 6.19 5.98 6.42 5.97 6.14 6.27 6.45 6.28 6.23 6.25 6.38 6.12 6.28
KEGG_VASOPRESSIN_REGULATED_WATER_REABSORPTION 6.95 6.82 7.15 6.74 7.44 7.47 6.88 7 7.09 6.8 6.73 6.98 6.78 7.08 7 7.25 7.12 6.98 7.2 6.69 7.41 6.93 6.94 6.89 6.67 7.09 6.98 6.8 7.21 7.04 6.98 6.69 7.44 6.79 6.74 7.12 7.29 7.06 7.32
KEGG_ALZHEIMERS_DISEASE 8.31 7.92 7.93 8.06 8.21 8.1 7.67 7.68 8.17 7.92 7.53 8.09 7.7 7.88 7.76 8.13 8.19 8.16 8 7.58 7.96 8.24 7.95 7.55 7.97 8.16 7.83 7.74 8.12 7.58 7.91 7.48 8 7.76 7.68 7.7 7.87 7.93 8.07
KEGG_PARKINSONS_DISEASE 9.99 9.6 9.01 9.28 9.6 9.22 8.68 8.95 9.58 9.32 8.67 9.37 9.08 9.03 9.02 9.29 9.51 9.73 9.23 8.65 9.25 9.63 9.08 8.94 9.16 9.29 8.99 8.72 9.24 9.04 9.04 8.61 9.38 8.99 8.8 8.59 9.06 9.27 9.78
KEGG_AMYOTROPHIC_LATERAL_SCLEROSIS_ALS 5.96 5.9 6.06 6.25 6.23 6.36 5.82 5.62 5.59 5.95 5.72 5.85 5.5 6.1 6.09 6 5.78 6.05 5.43 6.14 5.87 6.15 5.79 5.49 6.12 5.48 6.13 5.77 5.56 6.02 5.9 6.21 5.91 6.23 5.88 5.9 5.95 6.08 5.83
KEGG_HUNTINGTONS_DISEASE 8.47 8.23 8.05 7.93 8.11 8.16 7.82 7.8 8.31 7.96 7.58 8.03 8.01 7.89 7.84 7.85 8.06 8.28 7.84 7.62 7.95 8.08 7.9 7.92 8.09 8 7.81 7.8 7.77 7.98 7.86 7.54 8 7.95 7.56 7.68 7.88 7.87 8.27
KEGG_PRION_DISEASES 5.64 5.39 6.07 6.43 6.14 6.46 5.65 5.76 5.88 6.42 5.76 5.95 6.13 6.51 5.93 5.66 5.41 5.42 5.95 6.36 6.43 6.35 6.12 6.43 6.04 5.74 6.56 6.2 6.31 5.86 6.44 6.54 6.44 6.48 6.09 6.66 6.44 6.47 5.14
KEGG_VIBRIO_CHOLERAE_INFECTION 8.32 7.94 7.79 7.71 8.29 8.05 7.05 7.39 7.82 7.64 7.44 7.75 7.23 7.81 7.77 8.01 8.33 8.22 7.9 7.45 8.27 8.07 7.85 7.32 7.51 7.82 7.62 7.82 7.73 7.41 7.59 7.28 8.3 7.65 7.74 7.53 7.98 7.92 8.1
KEGG_EPITHELIAL_CELL_SIGNALING_IN_HELICOBACTER_PYLORI_INFECTION 6.14 6.2 6.63 7.08 6.49 6.54 6.34 6.61 6.64 6.98 6.43 6.07 6.66 7.05 6.65 6.71 6.21 6.44 6.45 6.66 6.94 6.28 6.59 6.92 6.91 6.34 6.99 6.67 6.07 6.65 6.65 6.59 6.59 6.98 6.98 6.91 6.82 6.76 5.97
KEGG_LEISHMANIA_INFECTION 4.72 5.95 5.1 6.83 5.25 6.36 5.1 6 5.33 5.99 6.27 5.29 4.53 5.71 6.27 5.43 4.69 5.94 4.97 5.14 6.74 5.47 5.53 5.44 6.38 5.5 6.4 6.65 5.12 4.6 5.98 5.68 5.95 6.17 6.62 5.9 5.46 7.03 4.73
KEGG_PATHWAYS_IN_CANCER 5.03 5.07 5.35 5.49 5.14 5.29 5.08 5.18 5.09 5.3 4.97 4.98 5.11 5.21 5.25 5.16 5.18 5.14 5.2 5.29 5.38 5.24 5.15 5.1 5.05 5.14 5.31 5.09 4.94 5.04 5.1 5.21 5.21 5.29 5.37 5.23 5.38 5.34 4.99
KEGG_COLORECTAL_CANCER 5.91 6.03 6.25 6.64 6.42 6.53 6.02 6.46 6.22 6.42 6.17 6.38 6.34 6.5 6.44 6.23 6.24 6.19 6.52 6.43 6.53 6.57 6.19 6.41 6.59 6.23 6.46 6.46 6.21 6.34 6.59 6.52 6.31 6.65 6.65 6.32 6.36 6.5 6.16
KEGG_RENAL_CELL_CARCINOMA 6.32 6.65 6.72 6.98 6.77 7.14 6.73 6.63 6.85 6.86 6.81 6.79 6.61 6.88 7 6.97 6.66 6.7 6.96 6.86 6.78 7 7.11 7.07 6.69 7.14 7.09 6.94 7.17 6.77 7.18 6.7 6.98 6.98 7.17 7.16 7.07 7.15 6.68
KEGG_PANCREATIC_CANCER 5.93 5.86 6.25 6.61 6.47 6.53 6.14 6.16 6.47 6.35 6.11 5.8 5.93 6.49 6.33 6.41 6.24 6.18 5.91 6.38 6.48 6.51 6.33 6.37 6.63 6.26 6.5 6.29 6.25 6.34 6.63 6.57 6.46 6.65 6.67 6.39 6.42 6.46 6.14
KEGG_ENDOMETRIAL_CANCER 6.46 6.66 6.59 6.72 6.82 6.61 6.59 6.5 6.54 6.89 6.4 6.47 6.42 6.88 6.58 6.77 6.4 6.6 6.57 6.82 6.53 6.78 6.49 6.6 6.62 6.52 6.67 6.45 6.51 6.75 6.66 6.66 6.58 6.88 6.7 6.69 6.61 6.71 6.25
KEGG_GLIOMA 5.86 5.86 6.2 6.33 6.13 6.17 5.97 6.13 5.94 6.42 6.11 5.77 5.93 6.1 6.33 6.06 5.86 6.08 6.03 6.43 6.16 5.8 5.94 6.12 6.52 6 6.33 6.19 5.76 5.8 6.16 6.43 6.09 6.17 6.37 6.33 6.36 6.46 5.98
KEGG_PROSTATE_CANCER 5.69 5.63 6.13 6.46 5.97 6.26 5.96 6.39 5.9 6.27 6.11 5.66 5.85 6.19 6.16 5.97 5.86 5.98 5.9 6.38 6.07 5.91 6 6.34 6.41 6 6.42 6.03 5.95 5.82 6.4 6.5 6.07 6.17 6.16 6.28 6.34 6.39 5.72
KEGG_THYROID_CANCER 6.75 7.03 7.07 6.88 6.84 7.09 6.16 6.88 6.91 6.92 6.79 6.68 6.95 6.51 6.85 6.93 6.87 7.04 6.92 6.82 6.67 6.83 7.05 6.87 6.56 6.88 6.98 6.74 7.06 6.88 6.72 6.71 6.87 6.84 7.06 6.91 6.61 6.86 6.64
KEGG_BASAL_CELL_CARCINOMA 3.54 3.6 3.9 4.39 3.84 3.77 4.05 3.96 3.94 3.94 3.91 3.86 4.08 3.87 3.96 3.57 3.98 3.93 4.01 3.99 4.1 3.91 3.97 3.83 3.99 3.59 3.93 3.8 3.62 4.09 3.91 3.79 4.02 3.97 3.85 3.98 4.25 3.98 3.91
KEGG_MELANOMA 5.3 4.97 4.71 4.74 5 4.86 4.74 5.04 4.85 4.94 4.35 4.56 4.39 4.65 4.86 4.72 4.74 5.09 4.99 4.86 5.36 5.04 4.84 5.12 4.43 4.97 5.03 4.82 4.71 4.83 4.74 4.69 5.06 4.71 4.95 5.02 5.11 5.12 4.68
KEGG_BLADDER_CANCER 5.48 5.4 5.57 5.35 5.39 5.49 5.33 5.24 5.46 5.78 5.09 5.42 5.54 5.39 5.59 5.45 5.36 5.38 5.43 5.42 5.86 5.59 5.46 5.5 5.05 5.45 5.48 5.19 5.38 5.55 5.47 5.73 5.33 5.42 5.44 5.6 5.42 5.73 5.18
KEGG_CHRONIC_MYELOID_LEUKEMIA 6.22 6.36 6.49 6.8 6.65 6.8 6.23 6.44 6.54 6.53 6.18 6.38 6.54 6.7 6.44 6.32 6.37 6.47 6.36 6.5 6.74 6.63 6.4 6.62 6.91 6.52 6.59 6.46 6.37 6.41 6.72 6.64 6.46 6.86 6.67 6.48 6.57 6.55 6.14
KEGG_ACUTE_MYELOID_LEUKEMIA 5.71 5.59 5.91 6.54 5.76 5.98 5.96 5.96 5.64 6.11 5.97 5.76 5.71 6.2 6 5.81 5.9 5.79 5.88 6.35 6.17 5.78 5.72 5.87 6.35 5.81 6.26 5.81 5.82 5.83 6.23 6.21 5.86 6.31 6.19 6.16 6.14 6.22 5.72
KEGG_SMALL_CELL_LUNG_CANCER 4.68 4.75 4.93 5.43 4.9 5.19 4.69 5.23 4.85 4.98 4.86 4.82 5.04 4.89 4.85 4.72 4.88 5.03 5 4.88 5.42 5.04 4.84 4.94 5.07 4.96 5.18 5.22 4.68 4.84 4.85 5.06 4.91 5 4.77 5.13 5.14 5.34 4.5
KEGG_NON_SMALL_CELL_LUNG_CANCER 5.91 5.91 6.25 6.33 6.42 6.17 6.16 6.13 6.26 6.45 6.11 5.86 5.95 6.1 6.33 6.45 6 6.08 6.16 6.5 6.14 6.08 6 6.34 6.43 6.34 6.33 6.06 6.3 5.84 6.16 6.52 6.42 6.33 6.37 6.32 6.36 6.29 6.14
KEGG_ASTHMA 2.94 3.84 2.89 3.56 3.63 3.74 3.33 3.89 3.48 3.89 4.23 2.95 2.85 3.42 3.99 3.78 3.97 3.79 3.95 4.22 3.46 3.72 3.86 4.13 3.78 4.04 3.81 4.34 3.95 2.98 4.13 4.18 3.38 3.72 3.82 3.74 3.72 3.45 3.72
KEGG_AUTOIMMUNE_THYROID_DISEASE 3.18 3.38 3.29 3.14 3.16 3.11 3.54 3.32 3.2 3.41 3.53 3.29 3.43 3.29 3.39 3.23 3.29 3.19 3.4 3.34 3.09 3.18 3.38 3.5 3.36 3.33 3.26 3.54 3.46 3.47 3.42 3.33 3.11 3.27 3.38 3.3 3.14 2.99 3.15
KEGG_ALLOGRAFT_REJECTION 3.9 4.47 4.14 5.44 4.14 4.1 4.36 4.69 3.97 4.91 4.73 4.09 4.21 4.01 4.37 4.61 4.26 4.42 4.49 4.58 4.87 4.13 4.18 4.45 4.87 4.17 4.85 4.63 4.09 3.98 4.4 4.48 4 4.6 4.88 4.74 4.49 4.87 4.19
KEGG_GRAFT_VERSUS_HOST_DISEASE 3.89 4.46 4.21 5.56 4.45 4.09 4.5 4.88 3.79 5.39 4.73 4.01 4.18 4.19 4.71 4.61 4.19 4.58 4.61 4.58 5.35 5.09 4.31 4.64 4.83 4.1 5.25 4.75 4.08 4.02 5.04 4.67 3.91 4.6 5.21 4.74 4.49 5.17 4.19
KEGG_VIRAL_MYOCARDITIS 5.8 6.12 6.06 6.7 5.95 6.27 5.98 6.55 6.08 6.41 6.29 6.35 5.47 6.01 6.28 6.35 5.87 6.66 6.51 5.84 6.59 6.33 5.91 6.36 6.5 6 6.56 6.29 6.02 5.16 6.63 6.52 6.14 6.35 6.69 6.32 6.3 6.55 6.01
